50
59 71 99 65 71 45 58 82 35 44 46 31 86 51 25 18 72 14 33 42 92 34 12 17 93 90 45 60 77 74 6 97 73 95 7 80 56 92 52 65 82 37 32 78 1 81 22 89 59 86
100 45 43 24 76 54 86 30 63 59 39 70 22 64 59 28 99 41 11 39 80 10 91 16 3 81 63 68 14 62 53 12 90 54 71 36 76 11 12 33 84 99 90 20 2 96 6 33 43 97
71 80 16 48 2 16 95 92 71 66 87 2 58 5 26 55 17 92 6 76 30 91 36 54 53 92 73 28 54 58 84 24 13 9 73 88 55 5 44 55 82 100 90 79 30 44 53 48 71 69
39 75 35 69 84 81 56 65 76 20 43 8 65 89 76 80 23 16 74 60 11 41 72 6 22 39 86 17 10 70 45 3 7 13 21 54 43 51 69 37 52 25 2 22 6 9 85 54 46 97
11 13 99 55 24 4 69 53 72 21 85 53 18 58 25 91 58 51 45 66 9 14 70 73 53 96 72 8 44 87 41 8 63 39 12 40 90 34 93 29 17 83 66 29 67 22 87 40 4 19
62 71 38 37 1 14 17 51 74 25 72 3 2 100 36 18 23 37 7 60 63 51 1 12 45 5 95 79 51 59 38 54 55 5 76 55 55 27 95 55 16 73 29 62 75 33 51 18 23 98
79 57 43 48 41 11 23 98 75 61 50 59 24 57 55 53 3 86 38 72 73 31 39 92 24 11 24 15 36 24 80 22 45 3 84 58 87 84 27 35 62 72 87 37 1 43 30 43 93 71
64 13 80 83 33 9 13 28 71 54 52 76 90 70 93 40 64 95 81 32 14 5 41 87 12 34 99 49 97 63 25 58 81 46 13 95 84 89 19 40 50 35 13 52 78 54 8 26 9 14
21 71 50 88 83 80 23 67 81 78 99 60 17 99 75 40 42 96 96 100 63 6 34 52 100 79 43 30 26 23 100 63 61 91 21 79 93 77 61 42 63 82 40 42 97 13 100 73 73 26
31 97 8 67 87 23 58 6 41 41 6 40 5 86 27 26 18 44 67 83 86 89 9 46 24 11 10 50 25 3 60 67 71 53 55 88 13 35 33 35 97 63 85 17 59 75 49 4 2 60
72 95 57 23 7 5 72 97 43 57 78 13 77 78 63 36 7 43 55 48 51 54 66 78 22 98 63 23 77 84 44 6 20 15 44 48 65 8 71 36 81 61 23 95 59 64 92 29 45 41
87 30 74 54 36 12 42 63 70 48 93 6 4 68 84 80 13 17 43 62 5 86 52 55 79 29 29 3 44 25 68 82 35 74 76 3 3 77 68 80 17 100 72 79 78 2 68 22 49 32
49 91 39 85 47 88 76 76 65 23 53 79 77 58 75 18 67 2 48 31 41 89 75 90 89 50 19 78 27 96 11 27 27 60 4 14 11 18 44 62 82 3 67 9 95 36 81 100 45 14
14 60 96 37 78 14 74 19 6 46 30 100 9 56 5 16 60 36 31 18 88 57 71 15 4 48 27 94 7 3 48 43 25 16 66 50 20 40 94 79 19 15 28 45 77 93 43 88 99 48
95 92 23 76 54 19 62 39 100 71 91 83 94 58 62 5 35 10 43 81 17 54 10 52 61 86 8 69 25 71 18 53 25 100 6 11 74 88 56 40 87 30 54 8 58 86 72 85 30 67
67 55 26 42 84 18 83 41 54 25 12 58 100 49 98 78 54 6 27 62 59 20 80 49 3 6 75 44 91 20 67 99 2 16 23 2 32 93 59 16 7 67 90 51 53 90 1 85 97 17
13 64 17 50 82 94 17 86 71 35 43 80 15 75 10 7 39 47 71 44 32 92 14 53 32 85 70 56 43 39 23 41 87 90 20 64 53 42 83 70 29 99 57 18 90 47 20 20 22 7
67 76 75 42 32 69 94 65 65 57 39 75 66 48 27 93 64 43 26 41 34 40 1 61 68 25 39 99 56 3 52 45 54 13 11 64 1 25 77 78 72 34 23 40 8 32 96 100 83 22
17 95 50 47 55 37 16 15 79 91 26 61 5 38 99 74 50 11 5 20 27 5 47 54 31 31 54 100 26 43 55 71 73 8 3 95 54 89 57 1 17 31 73 56 9 69 31 88 56 75
15 98 9 24 72 43 96 93 16 56 5 31 63 7 51 100 88 80 56 47 40 79 65 19 6 46 12 15 64 86 98 11 13 28 60 62 49 18 73 64 45 44 69 72 83 77 86 19 58 51
48 79 20 76 5 14 97 30 74 31 84 42 43 33 41 56 98 64 6 63 3 9 7 53 54 88 76 50 99 89 93 78 82 96 30 93 26 2 74 32 63 41 75 33 16 84 96 92 1 85
9 81 46 12 28 33 13 85 53 74 29 49 17 39 94 98 80 9 35 61 5 36 59 98 7 66 93 75 41 67 63 2 100 77 45 25 57 62 68 67 10 48 13 33 17 33 60 42 92 42
29 21 49 66 26 98 42 7 49 76 10 77 70 22 22 34 84 39 78 31 8 93 16 89 98 75 35 84 96 83 21 9 35 12 39 6 61 7 51 65 5 1 77 38 64 93 71 29 57 36
98 28 9 95 29 49 37 68 33 36 94 2 96 1 15 67 35 29 62 51 87 72 20 91 31 98 71 40 100 62 77 67 95 93 31 34 19 71 33 8 20 42 6 18 84 56 93 62 9 58
6 10 12 79 86 6 12 89 70 50 80 89 18 83 67 18 19 49 18 20 91 64 7 32 41 59 21 91 2 5 36 37 73 26 80 55 17 66 91 88 80 3 27 45 24 26 67 20 59 17
68 88 95 58 20 40 93 86 79 37 89 64 98 90 8 26 63 11 94 39 65 86 75 40 89 19 10 18 14 57 96 56 55 58 32 63 89 97 19 34 79 39 47 47 9 25 29 43 83 72
52 37 11 99 18 69 31 54 93 68 22 67 10 65 46 71 34 6 59 87 31 76 11 45 52 21 29 86 89 11 14 78 60 4 90 39 44 17 100 67 92 76 77 9 98 86 46 39 42 41
10 26 61 31 94 71 35 32 40 14 81 58 63 29 73 8 13 86 95 32 20 82 16 54 28 15 58 31 62 1 100 87 1 42 90 91 77 92 53 58 52 76 23 71 18 4 1 92 3 64
98 2 88 74 85 46 11 46 100 40 54 94 95 19 42 83 68 85 98 32 97 81 91 72 17 18 100 36 100 22 75 6 9 100 31 64 69 68 61 64 90 14 30 54 36 87 63 38 92 100
96 21 39 59 39 62 69 68 60 4 55 68 30 99 44 82 65 80 75 32 51 3 26 57 19 40 50 89 29 66 7 21 91 69 89 53 40 62 49 44 42 81 57 68 20 54 75 67 34 38
89 1 82 17 50 8 51 77 50 54 47 91 91 11 96 5 64 95 36 60 91 10 31 99 87 20 64 97 70 71 83 49 71 93 55 64 36 79 17 33 43 58 67 25 54 38 49 68 82 77
9 13 45 3 74 17 85 29 92 48 37 59 11 33 26 34 37 63 74 86 74 55 10 69 83 88 94 39 69 87 27 87 88 51 77 27 43 72 90 63 50 17 16 26 18 12 34 30 95 7
70 34 92 12 10 99 60 8 25 41 21 2 63 77 77 60 49 8 2 12 50 2 23 41 31 80 85 56 42 91 44 82 99 31 90 11 68 76 86 22 61 29 23 44 92 27 20 95 20 80
84 64 62 38 46 33 38 46 19 69 7 58 69 2 68 28 4 90 3 16 28 9 28 90 62 70 49 20 76 84 65 83 3 5 82 30 93 72 73 87 72 65 40 3 34 37 35 37 19 47
36 83 24 16 17 76 78 8 100 42 30 3 18 76 6 51 97 64 46 10 4 52 48 98 69 58 26 29 39 50 69 22 94 24 32 30 31 68 39 93 17 39 86 21 26 19 26 94 52 47
50 67 39 16 40 16 80 35 55 29 40 65 88 24 94 21 1 20 68 85 22 46 9 9 4 92 37 45 97 65 66 74 57 87 30 11 7 33 46 26 59 69 2 91 48 61 56 92 15 99
35 8 14 95 40 46 7 78 95 69 18 4 44 26 66 50 29 66 77 19 37 27 87 46 16 30 44 25 75 67 45 7 79 8 100 71 89 35 25 66 24 76 61 97 49 44 7 77 49 5
7 2 89 1 82 34 36 25 8 59 95 84 92 77 66 22 10 11 96 20 32 28 3 97 55 57 58 66 78 35 28 18 35 7 90 34 78 99 69 73 36 51 9 24 20 12 87 85 90 94
74 93 61 44 98 28 47 43 86 53 44 67 35 59 19 82 50 96 17 75 39 45 76 47 57 39 29 84 22 65 7 54 79 58 31 95 84 70 89 69 90 45 1 95 95 36 15 27 56 9
24 48 78 73 81 33 34 21 91 93 83 59 58 93 46 95 12 83 1 26 9 36 30 30 16 3 38 96 21 57 94 39 91 1 10 26 90 10 85 94 49 83 93 82 14 47 20 28 58 66
81 1 4 28 81 44 19 89 41 3 35 69 8 63 34 59 15 44 8 25 13 70 52 39 58 26 75 57 56 76 14 67 92 18 69 56 87 98 100 14 77 46 17 95 99 33 100 60 77 97
17 91 55 16 32 39 81 100 65 3 87 5 12 58 59 9 92 85 65 82 11 59 48 60 5 42 31 61 94 62 56 27 91 8 14 90 29 21 66 48 81 81 24 17 63 59 88 31 42 51
71 42 42 67 56 17 61 39 43 83 76 31 9 54 33 43 51 22 11 20 97 4 22 50 88 45 65 10 36 35 78 1 88 40 68 70 27 66 52 73 59 23 46 69 74 5 32 5 53 90
25 12 30 62 88 23 54 90 92 67 83 6 80 56 40 74 36 24 91 79 6 9 76 69 75 75 12 68 19 10 81 28 76 85 6 94 55 19 23 42 97 67 73 91 24 7 84 45 91 45
7 7 24 59 18 40 73 73 59 76 62 6 63 17 96 63 3 71 16 27 94 6 16 17 50 78 19 3 68 86 20 58 90 14 49 59 36 42 30 56 75 40 9 96 73 85 65 7 42 45
54 59 76 30 56 97 79 32 84 32 67 67 85 73 58 72 49 52 79 41 67 30 13 93 53 60 98 64 78 60 71 81 69 71 85 98 50 95 10 40 43 18 98 81 32 48 2 74 4 11
94 86 55 21 39 62 65 76 20 70 40 41 90 86 2 90 96 13 6 55 68 87 69 36 92 11 90 18 73 60 59 11 22 46 36 88 22 55 37 30 71 91 31 16 59 61 52 93 85 25
12 1 90 52 21 83 58 7 43 67 77 56 29 85 42 43 20 43 59 93 1 46 96 87 87 16 67 85 47 91 1 1 24 74 50 59 43 62 11 52 87 7 13 9 18 85 79 6 32 46
80 79 98 54 59 9 48 50 8 66 7 69 52 44 73 57 58 61 27 30 72 5 21 51 1 84 59 62 20 27 88 73 7 21 83 51 83 79 81 88 79 49 53 39 1 52 68 2 60 38
58 51 5 8 15 9 44 39 79 85 66 21 55 97 2 64 68 72 41 31 67 64 41 13 72 80 97 83 89 41 34 56 19 25 56 27 55 59 12 10 22 38 21 42 63 60 55 100 22 59
