100
90 21 1 86 74 45 72 25 31 64 33 26 85 39 99 9 83 87 62 97 11 35 17 40 40 59 84 4 41 65 8 1 80 75 56 21 71 74 16 2 52 10 50 55 16 96 52 80 9 1 61 3 1 4 60 25 19 27 78 50 18 22 25 47 4 6 1 2 20 62 79 88 1 45 46 75 3 28 37 57 77 69 24 93 76 60 35 65 3 18 13 42 16 61 67 9 63 97 87 82
35 89 100 19 45 9 64 66 46 11 98 60 93 3 43 91 49 26 71 99 24 16 45 70 52 98 34 66 9 59 56 16 66 74 52 14 21 89 18 52 12 21 21 96 37 47 2 62 46 27 3 76 51 92 73 91 2 88 87 74 45 58 74 3 47 5 93 57 48 15 42 10 83 35 12 42 22 57 100 92 17 93 63 92 16 64 58 46 63 19 57 71 32 88 42 77 39 59 65 82
27 57 45 10 34 77 82 18 7 93 91 59 96 40 60 74 26 70 80 34 65 83 44 59 77 42 72 90 11 3 4 15 58 12 35 42 77 82 8 55 13 66 73 77 73 6 5 71 58 7 7 19 62 58 13 43 37 80 99 40 66 85 40 57 20 77 20 1 4 58 32 71 52 34 7 32 26 46 70 83 83 39 38 41 64 49 35 10 19 82 12 56 19 2 15 87 61 66 59 19
35 69 92 59 95 19 33 87 13 93 51 41 98 6 54 44 61 26 34 29 84 60 60 63 72 21 4 14 14 40 21 17 2 72 44 58 18 67 58 50 60 13 5 54 14 52 99 68 35 28 14 96 31 46 28 56 75 7 19 18 23 39 50 25 5 95 54 26 82 32 7 94 73 14 87 25 68 21 77 14 12 100 52 90 77 4 63 15 38 19 97 14 19 46 34 5 8 97 48 39
79 95 32 73 99 30 81 44 19 17 16 5 98 61 75 92 89 41 39 72 40 62 13 19 94 83 80 68 39 38 13 67 76 16 77 85 46 92 68 16 88 64 99 88 15 99 95 86 88 71 22 11 81 99 15 97 70 21 9 93 46 71 78 92 26 67 86 53 9 1 75 92 47 49 23 33 66 47 73 95 69 16 54 85 80 26 56 91 68 75 33 75 49 43 25 78 16 52 26 81
62 95 86 50 95 10 12 44 90 84 56 48 41 50 59 100 71 4 26 94 79 79 12 71 89 18 92 82 39 47 70 25 100 22 25 71 88 49 18 55 21 67 80 28 84 43 83 86 37 4 43 6 76 23 98 66 100 65 6 100 50 36 6 69 39 41 93 26 51 8 72 71 62 55 9 41 13 100 44 66 2 11 95 82 42 77 2 81 3 11 100 16 54 70 90 50 79 4 81 97
60 5 20 37 64 81 76 29 33 45 23 16 6 92 84 63 62 39 61 78 34 65 21 85 14 15 25 54 76 52 89 53 22 81 12 4 97 35 12 60 31 86 68 88 77 15 28 33 63 2 7 87 38 58 57 24 51 33 97 15 62 76 30 89 97 16 73 96 100 12 89 88 67 51 83 2 19 93 54 43 51 14 40 59 1 87 72 77 72 74 80 24 37 80 18 91 99 10 42 93
73 90 39 62 2 92 83 23 4 65 19 90 90 39 32 47 52 99 59 91 10 40 86 49 1 77 12 20 29 15 25 23 64 77 99 49 72 4 89 30 8 71 49 46 49 68 46 69 96 22 73 15 29 40 65 11 70 98 81 31 49 98 56 98 89 73 60 99 48 73 25 42 51 8 70 82 63 91 3 38 67 21 18 20 64 58 7 12 68 88 31 53 47 57 60 11 44 3 67 33
99 34 11 45 65 60 58 63 41 3 27 91 67 67 2 80 39 82 38 94 7 50 57 62 26 95 1 9 5 94 6 15 44 6 19 87 78 74 63 93 71 27 9 15 74 24 86 76 23 36 36 27 55 1 91 1 95 27 62 28 72 67 3 8 80 42 16 54 22 82 87 35 16 21 75 22 82 61 57 71 96 68 97 81 20 52 93 63 78 75 48 96 37 73 57 57 34 59 19 23
13 81 1 34 29 15 63 56 13 62 48 39 21 41 55 39 42 63 80 52 69 1 55 85 68 45 25 45 27 7 28 11 44 74 74 9 37 6 94 1 9 65 37 37 70 9 84 85 90 75 51 11 39 86 55 51 57 86 1 97 51 63 99 77 53 37 12 97 56 50 20 50 53 81 74 12 57 2 65 36 18 43 38 93 38 30 100 83 68 80 99 53 21 35 67 25 69 7 81 22
84 20 12 73 56 87 58 18 63 62 18 38 83 31 22 38 22 65 49 39 73 44 35 73 93 71 66 27 16 39 61 8 86 25 64 24 40 41 34 100 3 11 35 25 65 36 14 25 52 75 16 49 37 49 79 16 48 34 66 83 95 62 70 78 61 48 94 42 28 67 80 5 82 94 83 84 1 70 98 63 76 96 19 84 10 68 1 74 86 90 75 41 80 43 26 37 14 60 7 39
19 83 30 51 39 8 75 23 69 96 47 48 1 60 34 20 13 64 16 5 2 14 95 86 93 30 84 100 64 89 70 63 43 88 84 15 63 55 95 14 87 94 3 35 99 62 71 58 50 93 69 67 20 69 64 9 96 32 97 88 25 10 89 50 91 11 36 100 85 96 31 17 17 88 64 53 56 92 16 96 14 8 71 29 97 12 8 89 50 24 51 93 53 61 26 77 63 38 20 59
67 70 47 48 37 71 2 78 37 24 98 100 43 8 34 6 41 12 45 56 100 11 8 91 81 76 10 31 11 45 99 40 97 51 22 76 89 79 83 45 76 32 69 96 94 10 58 87 99 79 83 62 76 44 31 73 52 13 61 11 35 46 74 2 88 86 61 44 87 94 57 15 5 46 13 18 32 49 39 76 20 34 20 37 68 8 77 99 63 82 58 7 83 76 55 46 31 70 56 88
81 23 75 40 51 95 46 89 75 13 22 84 67 29 94 6 19 62 45 43 46 76 87 51 99 12 32 12 15 97 15 36 13 51 50 35 15 3 83 90 25 3 42 36 61 52 90 38 88 90 63 71 92 55 10 53 71 40 65 7 72 49 53 40 13 20 4 29 72 94 25 31 32 66 68 64 93 39 32 48 89 69 51 56 97 27 80 62 95 68 72 80 21 3 55 84 71 14 71 93
79 24 48 86 2 31 2 83 48 66 96 44 41 90 62 89 86 32 81 3 71 11 47 91 15 56 81 41 94 32 15 45 44 13 91 61 97 29 6 46 37 96 49 22 51 89 47 15 35 73 96 39 11 45 5 11 45 22 55 94 34 90 66 10 9 40 80 98 15 48 92 73 73 23 60 6 5 95 10 62 59 16 58 18 99 30 31 41 59 34 53 70 82 20 82 43 45 75 53 72
75 69 2 27 36 53 1 85 82 88 27 53 31 4 95 96 3 96 87 1 59 60 58 19 56 23 2 82 94 84 19 35 64 20 46 53 21 76 96 41 6 50 3 69 10 60 31 29 87 40 79 18 86 55 35 21 47 71 91 60 48 93 77 32 16 11 59 7 52 54 72 88 32 64 1 74 65 77 90 1 72 96 94 61 79 61 48 78 83 43 83 16 20 20 13 77 26 12 46 16
58 76 23 81 46 71 57 43 91 48 79 77 52 83 17 74 67 49 73 87 44 27 4 8 22 66 45 12 58 51 85 13 27 26 43 4 51 45 72 89 37 11 39 88 12 38 3 84 45 50 33 65 42 12 93 65 25 28 74 99 47 27 54 10 54 92 5 77 91 25 69 40 22 91 94 78 52 52 12 68 63 18 82 71 45 25 63 54 66 4 8 56 27 76 96 90 92 66 84 28
86 48 48 95 99 96 20 55 53 50 40 66 69 3 78 53 25 66 97 33 56 95 99 47 61 59 20 2 36 92 90 94 4 65 54 83 80 50 44 87 97 86 88 17 12 46 34 47 2 4 91 55 83 36 14 82 1 67 21 53 46 9 1 38 77 41 33 35 92 49 48 14 98 27 47 14 87 15 17 29 8 46 93 35 81 77 2 86 99 16 31 25 84 87 74 87 17 87 11 25
95 100 10 93 22 74 89 80 99 7 77 91 95 77 60 98 55 77 51 100 87 75 70 15 3 5 5 3 28 83 56 51 98 69 27 14 22 74 38 48 76 51 16 10 59 88 43 36 28 75 1 54 25 60 51 70 78 30 17 58 54 90 10 61 65 78 26 59 63 32 59 90 81 26 51 81 72 4 70 12 81 9 83 14 9 65 17 100 82 43 84 34 36 27 55 60 71 53 93 11
55 2 3 22 39 83 53 68 26 100 9 75 77 61 79 83 39 29 100 50 98 40 24 64 52 63 66 8 72 72 98 82 84 35 27 15 65 70 84 43 69 36 93 45 22 9 31 70 63 61 44 43 32 10 50 61 19 65 71 93 97 72 38 64 97 52 93 98 91 18 14 62 22 21 1 34 64 35 52 29 73 19 58 65 52 75 38 4 69 58 7 6 70 42 73 18 45 72 15 6
14 89 32 21 31 30 26 37 24 68 77 57 77 6 45 1 51 48 23 57 91 100 53 96 50 76 30 34 14 20 80 8 74 65 90 93 49 19 34 42 9 20 100 67 72 39 81 46 56 24 10 52 95 58 29 62 38 87 63 18 71 43 57 44 14 72 88 8 52 1 63 75 84 95 19 98 40 53 99 54 32 25 67 97 58 97 88 81 33 95 58 57 47 97 36 94 19 28 97 60
41 88 60 54 41 1 59 42 14 97 14 50 83 22 2 56 17 35 73 29 28 43 8 67 96 47 19 5 84 74 62 44 22 67 70 43 47 1 8 75 38 34 98 97 20 26 99 98 6 56 20 26 58 1 32 64 77 80 66 38 22 2 7 36 73 98 100 47 42 93 25 1 21 40 95 68 20 3 85 14 2 27 65 31 100 72 20 5 54 1 51 80 77 40 64 4 92 29 34 58
100 83 16 85 65 24 46 27 14 95 81 11 42 84 9 73 65 99 2 76 99 77 96 40 47 48 93 1 28 89 92 16 10 49 79 13 3 73 98 53 86 88 19 83 56 76 27 55 50 31 15 39 43 4 80 82 67 10 97 38 98 94 10 92 42 41 63 55 20 96 63 96 54 4 31 34 90 14 87 18 19 21 83 61 24 43 48 13 27 57 21 98 81 42 49 43 20 16 59 14
42 60 38 53 27 24 72 86 70 86 26 14 11 95 41 82 45 29 34 14 71 67 77 31 100 68 96 65 3 71 49 10 3 2 2 31 3 16 72 20 14 85 70 42 62 66 91 42 78 75 100 97 28 46 81 84 37 81 48 73 20 52 67 67 61 24 15 100 46 40 89 53 49 83 13 7 61 42 79 1 23 16 18 25 18 60 48 57 30 59 8 16 86 16 54 70 90 9 81 8
64 80 72 28 46 90 99 61 76 91 58 32 68 56 78 15 40 11 55 11 97 42 44 6 6 19 6 33 76 74 85 89 75 67 16 89 43 44 58 4 98 57 43 77 1 88 50 43 39 92 70 32 57 61 72 18 16 40 55 42 89 49 86 49 78 71 71 56 71 37 36 87 68 28 36 18 18 76 1 20 6 35 73 62 65 84 88 41 50 69 12 48 7 86 16 84 91 7 3 97
1 36 1 86 73 43 19 26 48 58 24 99 57 12 20 80 7 51 89 10 59 45 94 87 60 88 64 24 58 10 93 1 31 17 19 95 9 28 25 25 57 12 85 80 90 15 98 46 42 43 30 58 53 15 37 15 91 39 57 15 92 89 9 78 20 17 20 56 38 45 30 75 74 42 18 50 66 16 100 60 62 24 88 49 88 17 21 44 79 88 51 17 37 33 50 34 100 35 35 81
37 24 74 73 15 71 30 38 88 7 10 10 7 13 93 31 85 97 77 67 22 82 54 63 12 12 21 16 23 52 56 56 9 35 40 81 96 19 78 72 37 79 8 13 41 62 19 63 32 76 91 70 39 9 3 57 5 71 27 28 1 11 48 39 76 95 73 5 14 83 89 83 60 74 26 67 80 72 10 70 28 58 97 83 90 98 41 39 9 18 41 10 94 96 2 90 34 64 21 16
11 34 55 100 66 78 27 18 31 74 88 23 66 51 75 85 46 8 36 56 88 9 10 54 98 88 2 86 8 98 72 34 20 32 24 30 74 44 44 29 44 92 71 31 85 11 35 20 45 88 44 85 1 72 21 85 73 18 52 27 85 33 57 55 26 26 61 3 70 45 77 56 6 63 62 82 33 94 39 41 86 89 86 66 65 38 1 46 11 95 29 81 74 9 6 91 7 80 13 21
62 51 1 99 22 43 41 75 96 76 89 54 13 16 45 30 43 1 83 92 16 22 76 3 95 50 1 55 61 4 84 4 51 15 10 39 62 82 41 15 19 28 27 40 94 96 34 50 64 83 67 61 64 47 13 14 75 35 95 97 46 44 74 73 37 5 34 98 15 26 25 46 21 16 9 88 29 9 47 73 75 98 28 9 15 99 85 90 30 82 95 3 12 64 20 72 63 5 6 6
61 27 37 36 35 50 9 33 54 92 18 96 61 40 79 22 25 69 79 6 29 25 35 32 85 27 49 53 21 59 62 74 72 44 62 64 88 16 57 27 85 36 70 51 77 42 29 49 38 10 27 19 56 97 5 24 67 69 54 19 56 42 85 74 60 61 15 6 74 48 98 58 94 5 56 82 100 17 43 55 46 77 85 20 70 59 14 36 20 7 1 59 92 16 28 42 97 23 20 72
97 35 68 99 85 36 6 8 97 31 12 91 22 18 38 91 72 33 74 6 54 100 28 68 28 11 27 63 76 93 45 32 70 73 27 60 3 9 74 58 13 1 55 1 12 30 85 85 65 88 4 4 88 85 26 67 89 57 54 91 91 48 7 58 36 2 86 59 22 11 20 35 28 10 31 21 25 4 54 61 61 68 9 84 29 73 48 72 78 64 13 64 71 22 80 4 80 86 74 63
51 74 46 72 17 32 9 39 58 25 46 33 90 85 34 56 79 16 68 39 80 29 59 81 29 10 95 32 74 9 55 36 46 82 34 61 56 94 73 31 65 20 44 22 1 54 92 87 37 99 8 15 82 80 14 42 7 90 73 2 65 3 25 10 87 76 67 54 10 87 82 66 95 37 80 47 29 25 50 18 47 69 64 32 85 45 80 31 87 78 60 56 94 20 28 61 27 16 66 70
23 21 46 83 41 69 90 33 36 77 19 91 96 27 98 96 84 60 65 84 7 6 83 32 96 71 31 62 40 41 98 1 42 74 67 41 61 36 43 32 18 5 34 7 34 36 36 49 36 53 27 93 92 59 26 10 3 90 31 91 3 47 19 73 92 88 26 86 33 96 2 8 60 11 80 55 68 40 37 60 97 68 72 75 31 61 66 35 64 91 28 10 73 50 69 28 88 53 75 98
59 95 47 76 25 45 25 38 78 16 2 16 62 9 25 9 19 95 30 99 11 59 2 58 100 75 8 39 87 42 13 91 13 41 14 69 66 96 100 44 72 67 5 58 55 35 14 67 11 93 6 10 59 50 32 55 74 26 57 97 88 95 45 10 34 33 68 94 59 88 63 85 6 10 92 50 25 64 43 69 25 3 90 83 49 36 20 25 69 30 79 47 28 84 99 80 65 51 36 24
59 25 76 29 36 100 15 99 48 82 71 79 55 70 83 3 8 93 36 88 79 67 63 33 54 33 83 80 96 8 95 79 86 27 40 73 50 61 96 74 87 66 12 33 55 98 4 18 21 73 28 53 78 78 48 94 7 33 53 46 25 11 67 90 74 42 86 47 20 34 49 95 2 4 16 100 8 82 77 91 20 20 66 47 40 46 1 23 30 50 32 82 62 76 10 10 56 78 68 49
86 86 49 1 62 33 19 23 69 58 83 3 64 14 88 82 75 11 45 20 40 15 65 56 22 76 67 43 62 10 68 30 60 10 25 73 79 67 47 5 20 90 17 5 57 70 19 22 29 22 17 68 68 91 92 65 61 63 63 80 48 76 55 50 18 49 47 31 68 62 22 12 16 12 75 6 56 10 67 27 1 46 91 92 15 43 5 3 83 35 13 62 93 78 49 73 9 84 97 2
94 56 62 36 49 5 45 38 4 72 84 41 15 28 94 100 77 44 20 80 47 43 77 81 22 34 94 16 39 45 18 51 44 88 4 99 27 43 28 33 14 82 86 33 74 67 59 51 85 84 88 43 67 16 23 12 58 74 89 49 49 35 51 34 31 58 27 94 46 9 7 42 18 78 8 1 56 39 44 62 15 64 10 16 26 92 40 100 34 55 19 62 91 15 59 66 82 65 6 14
29 96 90 14 27 61 63 47 44 13 71 28 69 8 62 23 44 67 54 13 97 53 48 10 66 64 30 4 90 31 8 46 74 55 81 60 10 47 91 66 54 41 47 47 8 80 40 80 49 91 100 90 68 24 16 29 100 55 24 67 19 98 22 26 4 50 93 21 66 40 43 94 90 41 45 56 30 92 99 52 89 94 99 36 35 60 98 55 86 86 46 93 72 15 76 94 83 10 49 1
76 64 77 35 7 83 64 58 31 55 56 30 20 100 25 87 73 41 56 29 69 48 51 91 45 58 49 22 31 15 78 19 55 66 75 82 91 35 60 19 62 87 59 89 90 68 49 66 74 3 16 77 27 38 95 100 7 75 63 42 53 43 50 44 15 28 78 17 49 60 97 64 40 2 4 15 51 34 63 46 23 81 82 65 26 55 62 66 70 74 12 31 71 16 7 100 50 81 2 38
69 10 24 37 28 46 51 48 31 79 76 10 64 41 24 95 100 52 33 38 69 31 37 60 26 86 21 91 66 12 86 16 83 42 76 93 83 33 43 90 99 75 42 48 28 65 9 57 3 64 23 88 48 38 82 45 22 68 6 68 39 95 20 51 71 71 77 85 72 20 21 6 65 28 20 85 59 87 100 79 45 91 25 35 8 35 86 66 39 86 76 39 14 24 74 79 33 86 51 60
56 39 93 81 98 60 55 4 18 37 98 87 52 66 69 52 85 13 22 95 1 41 66 98 42 32 53 36 86 62 75 63 91 2 99 42 14 7 89 55 69 16 2 58 55 4 33 34 14 18 67 16 45 8 28 71 100 39 76 15 60 87 8 34 92 73 78 69 25 67 13 35 79 60 74 45 97 74 76 42 76 64 50 70 61 52 47 98 39 49 17 91 12 94 62 81 71 64 96 14
32 47 23 92 49 45 100 19 84 71 3 40 14 100 66 11 82 8 98 41 44 34 22 15 78 18 22 43 89 3 47 45 5 96 31 9 10 71 73 3 39 67 80 43 41 43 94 9 89 8 57 90 95 98 32 85 90 12 47 9 74 10 87 66 21 44 78 42 59 14 69 36 53 83 21 41 8 7 25 11 4 5 40 89 43 93 43 97 65 3 1 58 65 8 42 98 41 59 51 85
91 1 40 91 60 2 66 15 88 45 24 81 68 30 88 40 5 62 66 53 49 11 84 83 58 95 86 92 75 36 59 60 39 86 5 97 75 84 77 68 96 1 18 23 14 27 44 17 60 75 26 46 91 77 73 40 82 29 49 7 9 43 92 76 59 7 50 79 22 18 52 14 73 67 97 30 40 57 64 72 56 54 60 1 12 72 83 36 41 3 44 13 61 25 68 40 98 70 41 67
41 8 94 53 83 86 15 80 8 72 33 59 43 89 46 33 50 97 50 36 66 70 86 58 5 77 51 81 48 61 30 47 48 69 72 95 92 88 65 7 36 7 54 79 42 82 48 18 18 95 7 20 38 44 6 68 99 55 83 91 2 81 35 26 15 41 68 62 87 4 23 10 6 14 39 95 55 38 40 40 25 66 93 47 40 78 75 4 65 24 82 18 99 10 54 88 26 69 20 67
58 57 81 45 25 53 40 97 2 53 68 79 57 23 20 70 53 100 74 11 14 4 71 85 40 40 13 66 1 100 80 81 69 8 22 44 100 49 70 98 55 67 25 95 84 73 88 13 92 30 63 56 45 21 26 64 21 43 41 42 28 94 62 61 74 98 36 28 17 50 12 2 52 28 55 5 64 45 2 51 42 51 2 79 32 77 32 53 49 63 29 90 67 8 92 59 70 53 5 51
75 23 18 52 100 32 49 79 27 98 57 97 78 25 18 72 58 32 12 82 73 28 24 80 94 93 65 18 83 10 50 75 33 52 61 53 9 54 57 7 72 36 13 91 33 50 32 67 78 85 2 67 96 86 41 6 21 2 6 83 45 77 6 27 69 94 4 52 15 76 13 80 54 64 91 48 7 4 72 69 22 80 99 86 55 40 77 67 20 26 61 30 71 14 27 43 86 4 91 70
47 84 30 74 35 53 10 9 11 61 54 72 29 6 21 57 25 24 36 44 67 85 20 2 98 21 83 3 80 98 98 83 60 24 67 22 90 20 90 54 21 63 41 94 91 74 18 84 7 36 5 75 15 48 74 40 81 25 63 83 23 81 98 99 84 86 18 26 22 88 51 14 6 24 79 38 88 41 2 17 68 73 38 54 74 3 64 55 89 92 78 56 47 88 50 41 24 27 5 4
21 82 38 38 58 97 98 8 16 54 43 70 33 63 45 55 9 64 53 29 1 17 42 68 35 64 98 62 30 88 13 87 94 41 62 22 64 62 11 72 19 97 23 95 21 2 3 76 76 77 89 88 74 99 57 5 25 60 83 45 26 39 26 99 1 25 87 37 64 39 61 22 96 7 37 90 29 38 88 84 52 50 12 32 99 67 64 82 72 100 80 3 39 73 80 72 22 91 61 68
12 15 58 75 93 79 38 85 24 67 55 3 35 2 71 50 65 50 7 79 8 73 45 28 70 33 10 14 65 2 33 58 65 36 96 22 34 26 13 68 67 1 93 18 87 73 1 90 88 10 6 4 29 99 22 4 30 85 77 65 58 58 38 53 86 33 76 78 5 35 26 72 10 84 59 19 70 8 74 40 79 100 96 46 63 60 80 34 84 56 5 26 49 20 17 54 12 53 30 73
91 54 53 45 60 59 94 8 62 94 74 7 30 100 82 91 83 74 6 62 67 49 54 48 14 48 76 32 90 78 45 95 32 24 30 19 69 24 25 48 81 32 82 24 10 34 96 9 83 13 60 14 48 62 32 55 89 28 17 41 33 30 31 14 68 24 46 17 14 61 94 75 53 8 21 18 87 29 82 83 4 16 10 40 62 13 10 99 10 74 35 82 92 42 2 31 79 43 44 84
67 100 15 57 8 1 44 3 36 91 23 9 94 67 69 16 50 47 33 20 17 62 91 95 97 58 91 95 9 24 25 64 75 35 26 2 84 25 65 24 90 35 57 99 77 51 56 100 71 89 61 82 30 39 7 71 4 78 29 73 19 19 59 64 83 91 55 83 83 80 14 12 96 64 78 94 42 15 19 10 98 69 14 58 25 65 82 6 38 58 26 89 35 57 36 57 54 64 40 42
27 82 78 37 15 28 23 32 75 88 23 87 71 12 15 46 94 33 77 90 62 90 76 67 54 9 36 6 53 14 91 73 19 36 82 8 58 5 11 91 65 73 11 26 97 34 17 92 97 62 81 49 53 94 48 63 77 36 97 56 43 13 37 79 50 54 96 28 38 28 36 66 57 14 67 88 36 11 76 27 43 33 47 60 71 90 58 69 46 65 29 75 33 53 58 16 70 58 42 6
6 41 96 65 9 52 64 28 81 6 28 19 86 41 78 2 51 65 86 14 38 68 91 63 22 85 78 56 42 39 64 14 23 24 12 36 26 62 56 96 44 53 93 9 75 78 79 84 66 57 59 20 34 10 72 27 79 75 64 71 62 86 44 28 56 69 68 55 29 68 61 26 72 18 86 67 78 61 81 50 59 48 22 5 48 79 58 15 95 2 90 18 82 33 16 71 10 24 19 30
96 75 31 86 13 71 72 71 16 5 88 76 30 31 67 16 94 29 83 61 15 73 94 72 22 20 35 7 24 37 58 6 65 31 8 10 93 6 7 95 3 67 92 81 12 11 50 34 58 18 2 35 79 57 52 64 93 66 6 46 23 99 90 82 26 99 98 100 45 44 27 69 29 30 61 89 37 94 30 45 98 70 36 74 45 6 54 76 77 71 31 86 75 12 24 90 37 19 40 4
84 42 27 36 60 54 64 6 40 37 81 94 12 48 64 97 52 9 82 72 41 75 60 3 91 2 31 26 5 27 19 67 39 58 100 49 54 68 36 74 82 24 81 94 78 16 22 69 14 36 61 54 73 87 49 83 3 95 10 50 89 60 65 13 53 41 94 14 1 71 46 33 67 58 75 68 19 43 2 34 36 59 91 55 1 27 28 96 20 41 8 30 67 70 92 42 95 31 85 60
51 44 73 77 53 21 66 8 70 96 5 99 69 60 12 96 85 90 43 7 66 5 30 11 2 76 92 5 20 71 33 16 42 6 60 72 71 8 28 62 45 47 94 53 5 34 48 28 90 20 73 51 96 71 80 27 61 22 95 59 66 31 85 97 56 82 26 74 99 26 43 26 99 93 61 56 49 1 38 95 66 66 7 17 39 27 29 40 18 29 51 87 29 98 22 83 24 63 72 21
25 25 72 25 24 42 86 51 93 20 99 93 2 23 27 64 82 89 59 17 76 100 59 51 34 71 100 26 57 89 40 51 58 23 38 5 3 37 54 71 92 53 59 74 38 83 47 94 18 61 84 82 35 3 48 60 29 100 79 54 85 72 5 100 26 33 43 8 10 26 72 64 39 26 29 62 74 11 22 53 90 11 77 20 87 91 80 21 85 83 62 12 19 26 36 46 16 36 61 93
44 13 100 37 81 92 63 78 3 14 5 37 3 2 25 45 95 71 5 16 58 93 59 95 6 48 23 14 4 26 1 8 69 75 19 3 55 52 39 89 51 17 71 84 16 80 66 11 9 68 58 38 61 54 4 70 84 64 40 23 95 96 47 69 97 4 20 42 81 16 26 98 71 11 48 59 26 19 78 61 60 97 44 22 98 34 18 43 60 21 70 59 81 10 75 4 60 38 23 77
57 69 32 51 51 57 60 45 72 77 42 47 28 62 58 81 60 69 64 57 34 76 46 35 49 75 92 38 42 20 81 57 6 98 80 80 44 18 76 52 63 100 10 1 73 32 100 43 32 7 40 37 70 60 83 67 100 69 8 74 91 59 56 58 58 57 27 11 28 50 71 97 3 45 26 71 11 43 98 68 57 76 28 17 96 74 65 58 77 83 69 67 35 1 18 43 37 85 97 13
9 18 89 60 79 56 37 9 6 49 33 95 24 55 73 71 96 1 60 77 17 44 75 7 86 66 43 29 12 26 58 75 65 13 38 84 95 85 88 24 71 80 48 16 44 6 14 25 42 69 9 47 79 6 84 29 12 36 9 24 19 59 82 36 10 11 59 74 16 96 99 87 12 100 11 53 62 87 69 1 18 75 39 58 8 55 10 42 13 14 98 71 49 66 72 80 42 65 47 89
66 1 46 9 58 96 51 96 61 52 88 22 76 42 30 91 63 36 78 76 94 85 9 11 86 57 90 27 11 51 31 26 76 63 100 57 21 80 50 22 46 95 16 33 88 14 90 9 69 9 40 61 25 43 11 87 32 93 45 77 67 43 21 89 47 16 99 44 85 37 70 30 64 73 17 36 38 72 64 38 17 2 60 12 15 72 62 96 96 70 88 99 36 92 11 62 62 71 1 71
35 66 75 17 64 30 95 40 94 24 35 11 8 59 90 97 8 99 16 66 16 36 62 87 73 79 88 24 49 99 83 91 61 68 67 55 94 98 17 78 32 36 47 27 90 100 61 28 45 88 56 69 88 75 50 15 73 90 53 52 6 61 76 2 4 46 24 63 65 45 25 89 41 39 97 39 82 81 46 57 56 19 3 80 43 39 53 22 58 44 100 73 74 53 34 86 29 72 5 98
97 3 37 5 11 58 92 87 92 10 13 64 6 54 56 16 74 72 91 44 75 42 67 48 28 88 99 74 30 95 51 8 39 44 57 22 83 27 48 95 89 46 33 50 40 26 59 72 9 42 52 53 76 47 70 17 97 68 80 98 24 2 97 76 87 36 63 24 9 86 77 6 97 55 28 65 56 93 92 69 30 28 39 26 88 56 75 71 28 82 13 26 28 17 95 83 80 98 49 68
78 37 44 48 99 39 96 91 4 86 4 27 48 100 53 57 41 60 12 71 11 81 13 75 48 13 53 88 39 76 96 44 12 19 44 39 72 87 94 15 38 34 10 38 69 100 98 80 90 55 56 77 94 55 94 23 98 54 99 97 39 28 72 94 56 9 89 93 19 100 13 2 16 32 66 97 17 81 54 74 91 86 64 33 30 11 10 36 92 51 42 88 12 31 25 49 71 5 8 3
1 72 27 14 40 96 37 68 45 96 29 51 84 89 18 90 47 12 50 93 72 48 74 77 4 89 66 85 39 95 100 56 89 12 2 28 88 95 29 29 5 75 78 63 25 62 96 32 56 84 45 86 85 37 61 1 36 18 69 74 90 94 89 73 88 52 47 93 10 21 57 62 60 23 10 98 66 99 74 81 29 9 49 11 6 75 29 80 43 78 76 33 86 62 83 90 29 23 42 88
96 100 86 24 46 56 85 93 87 100 6 59 15 100 64 89 49 50 29 34 3 93 87 56 17 59 51 46 69 3 63 73 5 35 5 6 88 37 31 18 88 16 74 26 82 2 51 14 93 93 61 10 48 47 16 37 85 26 40 98 15 15 73 48 81 27 75 41 2 72 91 67 77 63 13 40 45 85 82 52 17 36 25 53 71 96 1 31 56 83 42 6 20 74 5 89 71 46 64 69
11 100 71 47 54 41 80 67 5 70 16 58 91 32 18 11 51 31 56 62 81 77 14 5 39 38 91 49 37 79 42 29 100 32 41 98 12 88 61 35 1 73 87 28 18 48 15 19 37 66 19 14 31 92 23 64 5 73 99 86 14 51 79 50 16 54 38 60 17 73 58 86 58 97 1 54 58 80 57 50 97 39 90 67 92 97 17 11 18 56 13 62 50 65 2 60 84 60 45 50
18 34 54 2 31 96 51 76 71 97 11 51 70 12 75 70 27 71 24 57 13 76 72 12 69 86 87 54 3 12 4 18 83 66 26 99 85 25 89 11 56 2 32 87 88 55 52 49 52 6 53 27 82 71 49 80 98 49 35 77 94 72 93 38 53 78 81 50 91 27 66 77 27 64 15 78 52 85 50 70 26 35 99 4 71 34 44 90 79 66 61 69 12 61 21 69 90 73 83 51
62 44 79 36 7 82 29 43 30 58 17 28 11 54 74 66 93 24 1 14 67 58 77 61 30 51 59 51 31 35 64 86 9 10 36 83 64 68 64 84 93 94 25 31 78 1 66 35 58 19 15 93 2 24 47 6 3 18 93 24 45 93 17 82 37 34 81 58 78 39 31 30 46 49 81 23 51 38 20 91 26 10 99 46 40 1 72 47 100 89 81 72 26 39 25 56 70 65 78 57
93 63 98 24 88 2 22 5 6 41 27 23 56 1 33 28 61 4 47 66 9 6 8 48 67 27 72 56 42 77 70 53 53 34 26 56 4 31 52 23 15 81 8 47 57 91 33 49 62 1 4 25 25 4 58 78 13 28 46 49 96 99 86 84 66 74 78 3 9 55 91 87 98 34 41 79 24 57 3 100 25 33 32 92 44 42 35 44 10 55 20 44 22 70 22 88 5 55 42 20
4 33 90 76 39 65 44 70 14 40 10 78 75 99 22 68 55 42 94 33 40 54 69 68 25 88 70 4 32 76 71 16 96 55 71 38 54 41 52 21 70 50 27 61 84 100 90 17 26 94 80 77 18 16 18 26 68 68 86 76 32 57 88 99 30 3 28 85 7 83 34 43 89 92 62 59 8 51 36 71 96 71 21 69 15 94 81 14 51 57 85 32 45 99 53 100 69 22 54 62
38 30 60 85 23 82 47 95 99 88 21 93 10 29 17 87 77 59 36 64 68 17 40 93 8 21 10 72 58 52 36 75 67 2 29 95 27 96 29 97 74 56 28 100 51 21 68 37 90 88 26 35 32 94 99 21 59 24 72 3 85 89 68 46 3 76 18 21 57 18 49 61 19 34 5 3 36 48 9 73 56 56 100 60 65 22 5 58 51 71 9 68 93 89 24 18 60 95 100 70
98 44 87 47 43 43 77 95 28 85 9 37 14 15 36 18 59 99 100 70 64 38 68 100 82 40 69 79 15 63 56 35 46 13 39 35 39 90 87 28 92 27 64 48 68 66 52 62 37 10 58 75 87 2 74 79 45 18 27 65 48 65 17 3 16 3 17 54 17 4 31 18 3 2 14 82 9 12 4 80 80 75 76 45 94 82 5 100 26 74 5 56 64 9 32 51 68 97 20 86
99 95 97 84 90 49 42 36 47 26 2 7 84 70 26 42 99 75 16 24 88 14 73 56 77 62 48 15 47 18 41 37 63 14 62 51 100 18 61 48 93 83 88 28 4 51 67 59 44 87 83 35 100 68 69 74 8 44 73 86 33 43 40 38 19 30 25 50 38 91 23 12 35 51 21 31 68 90 29 61 67 21 79 40 69 94 58 29 90 32 7 9 33 20 37 5 85 53 70 90
32 46 68 19 25 23 70 27 41 2 54 39 6 55 87 28 95 30 91 65 49 53 90 80 56 70 100 27 67 51 13 91 5 77 48 17 19 34 69 5 38 17 95 25 39 61 59 70 88 13 38 38 43 51 83 54 37 51 32 26 71 79 7 72 53 61 30 10 57 73 28 37 40 97 35 67 56 3 15 28 29 19 33 4 66 39 5 52 9 39 18 36 23 17 3 14 65 78 55 70
59 83 63 15 91 84 24 5 51 35 32 87 29 60 13 47 12 64 13 94 47 92 98 56 78 82 10 73 33 28 27 94 57 8 20 94 2 88 8 15 19 90 21 38 98 36 86 40 59 83 34 51 32 21 23 22 23 17 62 9 32 59 98 20 47 37 77 14 18 34 40 58 67 90 46 47 72 27 7 90 73 79 32 100 83 30 79 94 28 39 89 73 74 78 27 90 29 70 33 89
82 30 52 32 77 74 48 79 24 12 46 4 8 88 91 37 49 82 88 32 96 99 38 25 37 39 16 71 3 37 85 93 2 20 24 95 24 47 30 34 97 41 85 8 38 35 27 29 82 43 43 76 2 89 46 31 14 53 83 71 17 24 87 10 92 12 39 86 12 60 8 99 88 24 41 30 42 63 57 61 57 71 96 55 32 34 76 49 84 71 12 66 19 63 41 97 29 10 30 9
57 53 50 51 61 95 38 4 63 25 60 81 82 95 50 12 13 61 92 67 68 6 53 73 54 29 22 10 68 90 49 81 90 91 93 1 51 64 23 39 23 32 45 64 14 19 55 11 97 22 46 7 49 19 60 30 68 22 95 69 6 55 56 68 53 81 8 86 42 8 33 8 1 41 94 27 85 64 81 4 80 26 75 23 60 32 67 79 70 11 11 61 54 35 50 72 73 16 63 82
51 20 32 26 41 11 37 90 58 19 81 75 22 29 29 47 12 22 48 43 81 79 38 99 10 84 88 72 66 51 66 29 82 46 32 37 94 10 89 12 1 35 62 52 19 97 83 60 87 89 39 62 43 2 76 3 90 60 90 68 36 67 54 42 18 31 57 73 70 27 51 10 20 99 94 48 99 65 22 42 41 45 18 40 33 97 10 92 23 33 84 12 39 54 66 97 56 30 58 10
96 25 62 51 4 71 83 57 46 10 100 41 67 94 39 77 72 11 43 71 76 80 46 60 47 79 27 88 79 85 65 61 44 72 34 97 11 54 30 97 88 42 96 84 36 59 31 70 38 13 63 39 10 61 51 64 88 7 87 1 100 3 87 16 38 5 51 98 45 74 3 95 49 1 74 20 49 78 90 46 89 62 6 18 29 16 1 97 14 61 96 25 6 7 3 65 86 11 50 90
70 73 49 63 41 45 39 61 42 77 36 72 67 91 85 53 80 69 1 70 14 42 30 35 86 59 48 11 28 47 54 18 24 37 74 42 4 49 53 86 70 14 20 10 30 51 71 75 67 84 62 58 42 40 75 36 95 25 45 26 48 92 11 90 66 84 84 62 86 98 71 76 18 7 55 3 12 74 97 82 24 32 51 47 51 94 9 56 94 74 79 54 46 67 13 46 38 75 36 29
80 46 34 26 33 81 25 48 55 13 1 39 64 19 63 29 41 97 7 34 38 79 18 35 78 87 33 41 28 94 69 30 80 57 72 6 27 5 74 43 77 23 5 57 25 51 59 6 100 56 57 67 4 30 14 38 13 60 82 72 77 49 61 100 75 58 12 1 10 25 94 10 52 97 76 66 35 94 59 63 25 44 44 39 84 72 26 73 41 83 96 62 72 84 58 42 50 17 26 46
83 14 64 44 83 26 19 31 57 46 99 29 18 52 47 17 37 97 7 98 63 91 36 64 46 31 25 25 51 11 7 87 33 3 5 40 34 14 12 23 20 60 54 31 88 32 10 42 67 1 1 20 87 85 69 98 51 5 90 34 39 71 9 85 9 38 85 64 12 74 21 60 67 88 69 13 60 57 13 54 35 3 88 15 85 68 11 59 82 96 81 34 99 33 46 63 70 6 28 12
3 33 2 15 55 6 64 55 28 2 37 100 13 33 4 24 18 40 98 28 55 2 25 51 25 94 30 26 10 99 41 42 98 48 73 55 59 30 87 73 46 52 53 97 16 81 24 49 24 50 39 37 8 13 91 23 31 77 15 34 97 92 85 52 41 54 4 17 24 8 82 40 96 26 25 89 37 9 37 28 28 25 61 38 2 39 35 33 19 71 19 43 8 50 56 4 56 59 50 1
42 100 32 62 40 24 78 71 87 15 47 16 95 6 16 34 67 65 89 49 87 71 6 52 98 74 82 60 95 80 60 66 8 22 6 17 48 19 39 24 15 92 90 76 31 76 25 5 95 91 64 52 81 66 10 22 44 98 55 11 25 68 28 21 46 5 64 100 30 30 80 55 16 65 85 54 58 47 63 57 9 65 34 60 99 18 41 48 58 83 46 17 80 68 68 14 49 55 30 19
20 14 41 78 19 56 73 54 94 56 18 100 42 7 45 11 87 18 54 43 79 85 56 47 91 95 44 84 45 10 83 66 32 86 63 43 75 26 14 22 9 6 10 14 45 93 93 72 23 83 13 91 87 84 81 15 50 69 58 8 45 31 52 86 1 54 29 74 61 51 20 68 81 22 32 45 99 15 88 63 14 36 67 3 79 4 89 83 98 19 48 34 37 67 81 53 2 47 87 4
40 94 27 82 84 47 87 11 60 97 80 68 67 10 23 44 47 53 35 97 29 8 97 61 27 52 38 17 33 28 26 45 41 61 70 26 12 10 59 80 99 6 71 87 36 19 77 10 90 90 8 47 92 69 2 18 52 3 75 89 17 78 73 29 47 47 46 83 15 21 41 38 40 52 51 52 16 78 94 84 93 73 68 60 47 5 97 61 26 67 55 61 14 52 52 87 35 67 31 77
84 67 60 63 32 33 96 20 39 32 92 39 39 16 35 13 66 25 48 57 13 38 31 9 100 10 15 72 37 31 69 17 67 97 92 59 66 82 20 26 21 4 33 3 29 49 5 76 1 67 38 63 84 71 3 25 26 17 39 99 8 5 36 25 95 25 37 52 44 3 65 22 33 51 21 99 46 18 97 91 77 10 36 87 52 54 75 2 78 24 71 9 64 10 15 71 70 43 72 76
67 100 44 20 49 72 30 40 71 56 80 12 20 43 1 16 89 46 86 10 95 56 71 62 18 62 95 38 59 62 76 79 93 5 53 28 100 95 22 22 43 91 38 89 59 57 65 7 61 17 38 19 93 44 44 6 30 93 40 70 22 38 21 26 70 2 100 34 66 1 36 56 27 47 55 25 95 41 64 100 15 37 57 84 60 65 41 52 27 19 65 35 39 28 43 61 21 35 64 31
27 25 49 43 67 16 95 96 66 65 35 94 73 35 95 85 84 97 46 56 22 96 56 93 53 71 35 32 3 28 39 49 87 12 32 7 46 70 97 23 69 56 17 58 27 15 22 38 61 83 95 96 58 60 27 84 38 99 100 46 87 84 31 22 22 33 65 63 44 24 74 96 73 59 18 79 90 13 40 36 59 68 57 82 48 50 75 93 57 81 47 72 10 89 4 53 44 12 96 72
2 96 66 61 96 9 82 66 54 29 59 93 22 55 23 3 39 92 32 3 70 85 30 1 19 53 36 86 90 66 21 69 16 33 5 85 28 11 30 87 50 63 41 99 59 45 17 82 28 88 1 93 73 85 47 11 19 2 5 14 18 94 93 60 89 70 74 44 3 4 93 50 14 47 42 29 64 84 31 60 94 32 3 78 66 36 21 83 61 58 48 75 5 49 51 62 97 4 46 14
31 24 76 34 11 49 88 11 14 3 6 61 90 22 51 79 37 31 37 84 54 30 53 79 23 90 56 74 73 8 45 47 75 44 53 60 61 76 89 65 69 7 53 72 95 3 18 97 15 88 74 100 53 70 12 77 24 25 14 50 21 100 3 23 26 79 54 95 11 78 38 79 73 63 60 10 34 63 19 65 58 67 28 12 7 58 16 36 65 43 63 31 52 25 39 83 94 5 82 72
86 33 59 14 71 32 52 91 91 42 17 97 99 2 3 7 16 50 11 59 80 11 15 53 87 11 71 78 85 51 18 79 17 7 76 9 33 57 28 54 61 16 27 71 74 51 15 6 31 2 83 35 2 90 40 47 49 54 5 60 93 41 100 100 41 46 80 39 84 34 52 80 32 77 18 14 75 70 29 97 40 5 29 17 68 55 76 21 11 37 22 49 33 74 58 14 5 11 36 98
97 56 65 61 57 37 57 58 15 62 60 60 48 1 36 62 80 67 58 89 32 58 21 61 29 14 8 54 14 86 16 78 78 74 65 16 64 100 6 7 12 83 1 66 51 56 46 44 64 20 87 21 9 52 20 40 61 81 96 99 99 19 88 1 85 77 58 62 96 85 35 26 83 82 79 24 52 68 93 93 14 49 69 94 49 14 17 91 4 32 80 78 77 98 68 84 28 64 52 83
94 74 66 37 5 70 58 81 24 23 70 52 39 75 94 71 77 46 93 4 20 47 31 27 20 58 35 80 5 67 97 38 5 13 80 34 32 68 54 30 98 46 56 1 100 41 73 77 9 6 48 69 64 73 34 97 83 21 70 16 62 11 71 40 98 39 48 12 93 83 31 23 74 53 49 65 4 36 75 52 44 15 61 77 16 54 59 45 38 14 77 96 45 87 85 13 36 56 65 67
85 72 2 91 86 32 31 74 26 46 31 40 42 73 38 4 100 15 88 71 46 76 64 8 40 12 12 4 16 84 26 43 94 61 30 23 99 39 95 18 92 46 13 24 68 44 37 23 68 11 53 54 11 44 30 48 73 89 70 10 9 27 52 77 78 33 60 91 64 66 89 48 100 21 1 96 62 92 31 24 68 2 68 67 64 19 76 36 23 18 77 78 32 81 95 15 51 97 27 38
39 29 65 24 36 90 76 6 79 9 88 97 88 37 3 58 13 67 66 25 93 52 33 29 8 90 58 39 7 79 71 21 40 75 78 6 91 82 37 4 56 3 55 53 68 7 81 42 59 53 8 65 37 54 84 67 46 82 39 16 33 67 48 8 44 58 49 98 69 40 40 70 48 33 49 64 60 65 67 24 86 5 54 34 34 97 48 36 45 88 84 2 48 40 42 34 18 88 2 32
85 20 89 30 55 45 54 82 37 10 39 80 41 59 91 31 100 12 20 35 34 22 18 77 62 30 6 4 15 91 33 1 81 7 81 50 95 65 18 87 49 94 43 61 49 91 28 16 18 95 5 85 93 74 44 73 82 66 23 14 83 53 98 36 100 44 87 86 65 27 73 71 97 86 82 12 25 76 5 18 18 43 73 33 29 6 4 91 99 83 54 67 93 23 24 85 94 7 19 52
88 21 42 27 93 66 41 9 22 88 6 47 27 7 74 8 14 28 20 54 79 25 29 52 45 33 8 80 7 17 62 86 10 28 14 42 82 64 3 23 99 66 2 21 53 76 15 42 25 25 93 17 77 73 38 72 72 3 22 61 99 34 47 92 31 24 81 43 50 50 80 87 69 77 27 91 60 21 13 15 14 9 27 90 5 98 84 41 22 45 18 32 82 77 94 96 20 1 55 48
62 44 4 96 36 62 7 36 20 31 3 26 72 68 70 76 23 45 44 57 66 7 23 78 40 2 88 92 84 79 80 21 19 41 84 60 95 98 51 67 53 4 69 36 12 46 77 32 87 45 33 76 1 73 6 17 1 41 27 72 28 42 15 4 39 17 3 97 34 59 62 17 87 71 35 40 57 22 37 32 69 67 7 43 46 34 71 59 41 47 9 21 72 86 1 54 36 69 5 63
