50
57 87 91 82 23 61 28 54 63 25 95 34 74 82 82 52 86 6 40 82 83 56 40 55 14 27 67 74 13 20 13 37 30 59 80 48 46 27 63 100 31 52 90 63 97 75 4 98 86 65
82 27 56 84 71 60 48 35 56 77 51 69 75 17 25 18 37 48 35 58 4 98 60 55 95 100 19 46 7 45 68 9 100 47 14 80 6 16 11 6 34 19 29 55 89 4 25 28 15 45
50 15 54 4 12 62 62 10 12 3 1 89 55 74 48 57 19 99 32 93 29 86 71 50 21 5 72 94 75 41 30 15 34 78 93 21 7 13 15 14 88 39 81 69 97 52 10 23 12 53
18 3 81 21 84 73 78 47 50 34 2 77 29 78 65 17 54 70 4 32 65 21 31 21 96 26 62 67 100 29 90 55 86 43 49 61 77 20 32 22 58 93 18 32 38 26 6 82 24 70
100 50 17 25 73 22 72 92 47 83 64 17 83 53 66 53 81 95 14 43 99 54 21 6 49 90 71 76 37 33 23 75 50 77 83 28 10 41 39 18 52 4 39 29 45 13 81 97 6 27
90 11 64 53 93 14 56 7 5 94 30 85 99 18 31 16 87 29 22 98 49 37 44 33 73 87 30 94 76 58 48 13 22 14 53 90 64 97 62 2 88 66 61 50 97 98 66 54 77 100
85 30 20 72 35 68 54 45 80 45 66 53 2 5 94 86 67 86 37 62 16 69 95 99 70 41 95 45 24 92 92 6 23 8 10 21 82 11 77 26 65 32 87 69 16 59 30 22 86 87
65 30 53 42 28 37 41 65 72 68 64 19 17 73 12 49 10 34 21 68 95 22 75 58 71 68 71 38 13 62 66 4 2 17 91 34 57 28 38 95 41 75 75 57 40 7 32 48 85 75
7 13 52 97 4 76 7 47 23 40 77 38 51 22 35 74 94 82 11 24 29 10 52 41 8 59 77 6 56 77 61 73 96 91 88 36 46 97 82 33 91 4 64 18 46 44 52 14 63 4
1 90 90 38 32 30 4 77 67 68 90 29 36 64 46 78 43 97 44 22 68 40 60 9 75 23 85 95 18 5 1 33 5 13 10 100 17 36 55 91 95 92 55 79 22 100 26 38 68 26
77 54 33 89 33 4 17 83 77 62 68 42 33 49 81 100 19 51 48 5 64 88 53 83 76 64 93 76 27 91 100 58 71 93 46 3 87 57 76 32 47 37 18 90 51 31 30 25 26 92
44 86 47 62 45 95 95 59 59 17 14 9 31 93 41 92 54 19 41 1 26 25 81 65 36 5 46 77 100 51 31 22 85 30 81 36 55 78 97 73 15 18 34 99 41 43 39 38 53 13
20 6 96 94 40 69 83 22 82 70 98 55 79 49 91 42 78 61 10 66 83 96 9 64 69 47 37 13 68 32 48 1 75 37 98 100 77 54 78 38 53 33 70 31 8 58 47 34 77 66
35 65 19 75 6 35 87 47 52 69 82 57 30 50 67 33 63 93 62 75 58 81 12 84 98 45 31 28 64 50 55 56 34 78 7 75 17 6 49 5 86 5 88 41 7 16 48 36 57 83
65 80 21 46 17 41 31 72 13 52 6 81 43 93 75 45 77 23 62 78 42 19 27 24 66 65 55 93 89 89 74 20 100 34 85 82 36 73 64 27 28 21 58 87 85 86 30 7 43 44
58 43 3 74 51 62 72 52 15 31 42 67 43 34 17 56 53 53 96 32 99 33 70 95 23 42 79 15 74 82 87 76 92 93 36 90 1 23 50 55 66 26 16 96 99 80 71 83 46 74
26 19 74 83 85 7 49 4 27 8 100 84 15 30 64 67 84 63 18 59 96 85 88 80 95 50 48 99 69 50 62 46 25 56 58 38 7 28 20 77 1 57 88 84 26 11 10 21 3 57
62 99 34 82 2 15 78 86 24 25 69 9 31 64 22 67 11 15 26 35 73 43 42 74 13 17 47 62 11 53 22 4 61 1 68 27 59 23 13 1 36 64 38 9 69 14 21 42 72 68
100 87 87 80 49 10 13 50 68 12 70 57 13 4 54 79 62 40 43 78 93 29 88 26 51 93 98 77 32 28 67 67 99 92 34 56 19 99 2 64 48 20 23 6 55 13 94 4 56 31
30 6 94 19 51 65 42 34 40 24 90 28 66 39 97 7 79 69 19 55 85 24 47 54 30 83 53 54 62 96 94 86 21 39 83 47 79 84 54 31 78 69 9 80 38 84 41 3 61 41
58 16 26 11 24 19 88 49 82 13 71 23 45 85 99 83 21 52 82 83 51 84 8 13 65 6 55 59 30 21 88 68 52 76 52 72 9 34 24 92 31 80 52 54 27 35 44 36 31 64
21 39 45 42 3 3 31 96 64 58 58 44 28 40 16 68 33 46 49 43 78 59 71 72 71 55 89 68 68 58 2 58 20 70 19 64 90 9 31 68 98 79 20 21 78 30 82 96 35 12
8 15 91 47 3 13 74 4 95 57 84 31 21 97 78 86 23 75 41 44 96 27 29 45 84 95 9 45 15 88 46 55 58 14 46 43 30 7 66 44 98 49 59 40 41 95 8 13 8 14
41 87 35 69 61 40 22 26 77 23 63 32 32 56 27 82 23 93 93 30 74 39 20 4 18 100 22 78 18 17 94 38 97 56 23 50 34 8 17 39 62 85 13 68 60 56 27 78 78 75
96 94 37 53 54 27 99 53 51 63 84 1 13 65 1 68 40 70 43 81 79 45 29 99 82 51 9 25 94 71 72 77 86 47 74 94 85 82 88 80 100 26 6 78 97 26 17 70 32 73
29 99 15 48 1 44 41 3 44 85 52 63 100 57 27 89 6 55 31 47 92 5 6 60 95 2 42 6 70 51 16 58 4 19 73 89 22 41 55 95 21 63 45 98 22 36 80 23 17 62
46 36 32 23 36 38 20 59 53 32 23 63 19 59 56 72 5 43 69 69 43 98 15 55 53 94 11 85 69 71 43 69 44 69 47 91 24 3 61 7 28 69 36 85 10 70 77 42 87 75
61 10 86 61 32 26 4 98 26 98 9 27 7 71 55 21 57 8 51 90 34 88 64 47 89 94 4 61 50 53 47 8 22 77 39 88 74 62 27 15 23 36 24 85 14 36 69 96 74 31
43 71 71 37 73 61 63 30 15 90 20 41 73 19 21 25 67 12 58 21 16 95 42 43 15 27 40 81 32 51 95 88 4 49 63 58 39 92 97 60 83 22 15 14 78 27 36 32 94 59
39 65 72 82 12 2 86 62 5 20 91 89 31 91 29 78 75 56 47 39 52 97 65 37 99 97 64 48 93 23 71 22 67 68 7 19 52 26 48 74 68 31 5 87 10 27 99 52 59 77
71 51 94 61 56 23 95 28 40 79 68 73 58 48 16 29 70 18 78 98 94 43 63 12 92 60 40 9 89 1 47 55 56 3 53 95 25 56 68 85 98 27 67 75 80 11 91 25 51 84
71 19 7 13 52 57 79 24 70 4 44 95 86 77 31 67 20 76 52 20 82 63 62 41 28 69 49 42 8 22 43 68 30 85 80 8 32 65 17 52 71 73 35 43 57 39 50 44 52 80
76 67 25 26 5 52 98 63 96 80 54 62 91 42 95 8 16 51 2 72 84 51 79 88 91 29 40 89 26 17 91 50 22 64 57 62 57 60 70 76 25 99 59 75 93 39 18 51 4 84
20 11 47 22 83 92 79 13 7 91 36 83 8 91 61 81 17 28 63 90 63 72 45 1 61 59 35 38 36 47 56 90 100 52 22 60 82 70 28 35 53 38 18 65 48 55 5 8 66 71
72 33 93 61 100 28 85 73 47 80 92 95 34 60 19 25 37 45 16 42 33 27 80 32 2 23 8 25 51 79 72 6 62 6 8 97 73 38 99 69 63 80 78 96 93 67 29 49 96 30
17 8 79 36 90 23 6 18 69 98 91 12 51 27 66 56 52 85 73 72 94 32 21 43 59 90 95 47 34 68 3 62 22 95 14 56 48 2 100 69 42 30 76 4 30 53 29 75 30 4
15 10 99 88 79 19 9 52 96 13 57 42 74 62 42 27 77 1 61 97 15 13 96 100 55 11 38 25 45 20 33 7 84 28 50 3 40 83 14 3 73 35 35 79 53 65 89 14 76 57
99 100 6 57 74 73 55 61 51 77 12 78 42 66 59 90 63 28 55 4 46 43 98 18 48 84 48 39 68 2 40 82 12 27 55 33 64 92 49 58 57 74 44 46 43 84 13 99 6 38
62 5 31 71 2 77 68 87 43 21 74 51 41 53 69 3 77 50 38 55 1 34 64 5 95 3 82 50 61 37 58 76 12 87 83 48 70 66 66 22 26 94 55 27 18 90 58 91 91 87
8 7 62 17 39 45 4 6 15 8 56 35 49 23 96 32 18 94 85 60 67 84 69 27 67 8 52 73 43 11 67 41 47 51 84 62 51 42 98 5 60 73 70 20 57 44 24 39 50 68
20 78 15 69 8 79 23 18 98 66 91 19 80 79 70 1 40 63 12 100 71 15 3 74 10 17 6 52 91 81 65 95 94 26 98 53 19 19 54 67 81 61 59 47 86 69 2 94 9 38
90 99 62 81 31 67 60 87 10 42 41 85 78 15 44 66 72 13 55 65 80 21 72 18 95 3 49 28 25 85 16 72 96 8 2 1 80 95 65 68 19 93 22 4 45 35 37 11 100 23
78 92 41 76 56 4 95 83 76 3 81 52 49 46 88 30 33 63 27 63 53 49 18 59 54 9 43 56 42 2 39 37 49 45 94 21 64 73 30 32 65 63 62 4 7 42 96 56 38 14
67 54 67 62 71 100 12 84 35 94 30 97 45 26 8 83 2 48 49 55 37 65 95 83 78 32 99 93 57 80 73 62 52 74 11 31 26 62 46 98 1 32 98 1 18 22 24 91 54 41
30 47 17 14 98 12 39 2 16 87 30 37 30 4 75 25 31 60 90 27 95 14 73 15 21 66 14 17 27 79 76 31 72 82 43 7 74 72 56 71 91 76 81 4 57 35 87 55 32 28
12 53 47 77 56 27 20 15 20 99 59 46 18 71 3 66 46 84 59 74 45 26 7 59 64 47 45 31 80 9 88 53 44 86 11 50 77 11 55 38 21 13 10 13 39 77 90 76 92 90
17 35 19 88 16 78 8 80 20 65 54 75 71 85 18 89 93 77 20 12 97 34 77 6 29 11 48 36 73 4 43 11 33 74 17 13 84 64 41 77 13 5 42 93 72 62 70 38 78 83
22 30 18 98 19 33 5 97 76 85 97 70 13 41 49 56 35 32 21 68 98 60 80 38 11 30 64 82 11 9 50 51 10 32 59 12 81 72 80 90 31 11 58 86 46 23 90 31 86 18
91 87 96 48 58 68 45 91 75 58 54 7 93 6 68 83 68 46 5 18 48 2 81 3 99 23 16 97 16 86 92 63 91 18 83 17 49 3 84 51 24 75 83 95 67 11 76 30 64 41
100 12 4 66 87 1 5 3 9 47 59 22 12 87 12 55 83 36 14 16 49 83 79 87 30 12 57 62 27 2 24 65 94 92 55 5 4 33 67 68 2 21 84 2 39 77 87 79 96 51
