50
5
29 4 80 89 41
27 85 78 92 62
1 47 58 97 80
64 68 27 44 96
51 100 74 46 44
44 19 59 65 22
2 89 12 85 16
50 8 55 91 71
49 47 97 60 46
69 45 71 63 77
4 69 94 56 45
96 74 33 32 87
73 84 73 43 52
86 65 20 85 28
98 60 25 1 59
72 33 74 31 90
65 17 43 26 57
84 24 41 44 92
100 99 35 14 20
68 49 81 39 36
43 6 26 53 48
30 86 22 42 94
76 73 67 5 84
77 92 59 27 31
20 33 52 91 66
33 32 36 40 68
65 4 52 59 95
37 13 51 80 42
67 21 84 66 12
6 97 71 99 17
88 94 24 51 71
100 34 96 16 6
89 33 68 6 71
60 58 57 8 52
79 92 87 58 49
19 85 53 24 61
71 91 49 96 84
96 83 20 19 52
56 91 15 73 64
84 48 7 90 33
34 41 16 52 6
9 77 28 90 56
94 2 66 80 17
42 53 78 82 25
49 48 81 46 10
32 21 24 94 71
63 100 15 46 14
94 64 95 63 14
97 72 15 90 21
24 60 39 50 51
