50
5
39 29 26 48 70
21 55 69 1 8
47 97 33 85 70
45 58 76 97 2
64 9 97 6 48
66 4 11 99 85
42 71 74 13 51
33 31 32 59 78
20 27 84 71 100
2 20 51 44 58
18 41 40 33 22
62 44 90 5 97
19 94 31 27 33
63 13 66 1 47
31 89 21 96 42
11 66 84 8 97
81 69 32 37 44
44 10 78 3 58
77 22 15 47 43
100 77 42 18 39
32 18 67 71 27
33 53 43 18 44
85 7 16 19 49
48 43 81 44 86
46 47 11 15 27
6 10 83 5 36
83 88 91 70 92
67 43 40 72 40
68 61 59 52 46
93 99 53 17 73
56 64 40 34 17
66 39 98 73 36
10 24 91 78 96
75 9 30 73 62
97 47 67 19 91
57 99 91 55 60
26 23 91 74 62
21 9 41 16 16
19 62 79 69 84
11 70 55 54 60
84 80 26 99 5
39 32 5 6 61
21 97 10 27 96
80 87 97 72 7
56 51 100 10 73
17 4 77 37 72
20 33 53 44 23
92 93 29 62 50
32 31 97 93 97
78 91 24 28 10
