100
5
76 83 63 25 76
73 71 82 96 38
43 74 97 91 25
85 26 29 88 1
80 94 36 49 90
59 38 57 61 18
9 41 26 40 87
46 44 60 81 33
70 32 47 15 44
12 27 42 22 53
67 87 93 23 95
72 18 63 17 53
90 80 17 46 16
12 5 28 39 68
6 10 63 98 97
35 39 91 40 47
38 61 86 23 27
98 50 57 35 56
93 84 97 49 98
100 56 75 82 79
69 28 65 98 89
7 23 60 39 12
18 24 27 82 77
53 54 73 26 70
6 70 6 76 83
55 81 97 20 67
21 91 31 2 59
30 11 19 20 15
48 39 15 42 94
4 5 58 99 54
87 29 20 81 88
83 23 100 10 21
50 82 42 71 88
60 24 25 61 7
73 63 97 72 100
100 50 94 25 30
70 90 29 45 95
34 27 62 90 81
72 70 8 48 9
64 41 87 3 55
43 26 84 85 42
26 25 58 50 32
9 5 2 9 87
86 41 29 72 4
35 86 100 85 57
92 7 13 6 71
6 36 49 25 19
61 8 7 30 44
16 86 17 86 44
83 15 84 44 1
50 78 43 99 98
11 64 54 31 87
18 96 43 56 23
55 98 74 43 93
38 50 86 89 66
18 31 52 23 91
2 14 66 68 1
28 90 7 83 67
70 78 25 34 3
52 25 4 51 93
70 81 31 4 2
5 31 77 48 4
99 20 85 57 63
69 34 64 96 69
24 82 2 5 37
49 5 66 99 97
44 6 5 95 15
91 23 1 40 26
19 87 97 10 11
33 8 50 69 45
39 69 97 23 29
25 47 37 31 20
97 5 48 88 21
24 30 86 36 13
14 58 87 53 27
65 26 18 16 11
91 94 68 23 65
95 86 22 45 81
35 65 43 37 32
76 74 10 46 92
39 13 40 64 40
57 34 53 4 65
12 95 99 26 11
32 76 42 86 27
91 43 50 25 13
32 54 14 15 49
77 99 47 71 94
53 7 77 42 10
20 65 2 15 54
86 100 26 66 86
72 97 4 21 8
48 48 27 68 21
93 39 69 83 60
16 96 29 51 35
55 24 66 59 37
27 56 91 27 59
22 58 76 4 57
41 5 3 46 80
41 74 19 99 91
26 38 42 59 68
